b=[2.3 1.89 1.3 0.89 0.61 0.43 0.37 0.22 0.14 0.08 0.04]
%enhet er mT
N=244
L=275
mu=4*pi*10^7